[General]
Date=13/01/2018
[Wind]
Speed=15.2111673355103
SpTime=04/01/2018 15:53:16
Gust=22.8167495727539
Time=03/01/2018 11:53:16
Windrun=135.893905639648
WindrunTime=03/01/2018 23:53:16
[Temp]
Low=-2.79999995231628
LTime=06/01/2018 03:53:16
High=12
HTime=02/01/2018 22:23:16
LowMax=3.20000004768372
LMTime=08/01/2018 21:53:00
HighMin=5.80000019073486
HMTime=03/01/2018 04:23:00
LowRange=2.90000009536743
LowRangeTime=12/01/2018 00:22:54
HighRange=12.5
HighRangeTime=02/01/2018 00:23:16
[Pressure]
Low=987.800048828125
LTime=03/01/2018 01:23:16
High=1027.80004882813
HTime=07/01/2018 10:23:16
[Rain]
High=3.59999990463257
HTime=02/01/2018 10:53:16
HourlyHigh=1.79999995231628
HHourlyTime=02/01/2018 10:53:16
DailyHigh=8.10000610351563
HDailyTime=02/01/2018 22:53:16
LongestDryPeriod=3
LongestDryPeriodTime=09/01/2018 00:23:16
LongestWetPeriod=9
LongestWetPeriodTime=06/01/2018 00:23:16
[Humidity]
Low=59
LTime=03/01/2018 12:23:16
High=99
HTime=02/01/2018 10:53:16
[HeatIndex]
High=12
HTime=02/01/2018 22:23:16
[AppTemp]
Low=-5.30520677566528
LTime=06/01/2018 03:53:16
High=10.7089262008667
HTime=02/01/2018 22:23:16
[Dewpoint]
Low=-4.53890514373779
LTime=08/01/2018 03:53:16
High=11.2237424850464
HTime=02/01/2018 22:23:16
[WindChill]
Low=-2.88406944274902
LTime=08/01/2018 00:23:16
